{
    "tn": 1876179,
    "fp": 140311,
    "fn": 661485,
    "tp": 45193,
    "Accuracy": 0.7055649890127969,
    "Precision": 0.2436227790236329,
    "Inverse-Precision": 0.7393331032004237,
    "Recall": 0.06395133285598249,
    "Inverse-Recall": 0.9304182019251274,
    "Fallout": 0.06958179807487268,
    "Missrate": 0.9360486671440175,
    "Informedness": -0.005630465218890102,
    "Markedness": -0.01704411777594339,
    "F0.1": 0.23702936655291104,
    "F0.5": 0.1559784191830711,
    "F1": 0.10130892575730063,
    "F2": 0.07501620069742673,
    "F10": 0.0644217381873963,
    "MCC": -0.009796239703279877,
    "Jaccard-Index": 0.05335724548961084,
    "Jaccard-Distance": 0.9466427545103892,
    "Detected-Scenarios": [
        1,
        2,
        3,
        4,
        5,
        6,
        7
    ],
    "Detected-Scenarios-Percent": 1.0,
    "Scenario-Recall": {
        "1": 0,
        "2": 0,
        "3": 0,
        "4": 0,
        "5": 0,
        "6": 0,
        "7": 0
    },
    "Penalty-Score": 142.8288106918335,
    "Detection-Delay": 0.02178478240966797,
    "TPA": 42013,
    "FPA": 131582,
    "eTaR": 0.4582925494546529,
    "eTaP": 0.24037682863222495,
    "eTaF0.1": 0.24151384422933792,
    "eTaF0.5": 0.2656388020585327,
    "eTaF1": 0.31535061669752495,
    "eTaF2": 0.38795224741957973,
    "eTaF10": 0.4542155878485323,
    "BATADAL-TTD": 0.9999427833229544,
    "BATADAL-CLF": 0.49718476739055495,
    "BATADAL": 0.7485637753567547,
    "NAB-score-default": -98654.6296064601,
    "NAB-score-low-fp": -197409.25895337362,
    "NAB-score-low-fn": -65736.41973764007,
    "Affiliation-Precision": 0.5024479791262407,
    "Affiliation-Recall": 0.9996692689489451,
    "Affiliation-F0.1": 0.5049345859411355,
    "Affiliation-F0.5": 0.5579513986494934,
    "Affiliation-F1": 0.6687651108748378,
    "Affiliation-F2": 0.8345045392274203,
    "Affiliation-F10": 0.989969551679143,
    "_evaluation-config": {
        "version": "v1.2.6",
        "compresslevel": 9,
        "input": "../attack_ipal/bin_kmeans_rewritten/GPT_attack_3.ipal.gz",
        "output": "attack_3_bin_kmeans.txt",
        "attacks": "../attack/attack_3.json",
        "timed_dataset": true,
        "alarm_gracetime": 0,
        "fscore_beta": [
            0.1,
            0.5,
            1,
            2,
            10
        ],
        "eTaPR_theta_p": 0.5,
        "eTaPR_theta_r": 0.01,
        "eTaPR_delta": 0.0,
        "batadal_gamma": 0.5,
        "nab_profiles": {
            "default": {
                "nab_atp": 1,
                "nab_afp": -0.11,
                "nab_afn": -1
            },
            "reward_low_fp": {
                "nab_atp": 1,
                "nab_afp": -0.22,
                "nab_afn": -1
            },
            "reward_low_fn": {
                "nab_atp": 1,
                "nab_afp": -0.11,
                "nab_afn": -2.0
            }
        },
        "log": 30,
        "logformat": "%(levelname)s:%(name)s: %(message)s",
        "logfile": "-"
    }
}
