{
    "tn": 1976810,
    "fp": 39680,
    "fn": 694231,
    "tp": 12577,
    "Accuracy": 0.7305065402317338,
    "Precision": 0.24067589031134584,
    "Inverse-Precision": 0.7400897253168334,
    "Recall": 0.017794082692895383,
    "Inverse-Recall": 0.9803222431055943,
    "Fallout": 0.019677756894405627,
    "Missrate": 0.9822059173071046,
    "Informedness": -0.0018836742015102548,
    "Markedness": -0.01923438437182079,
    "F0.1": 0.21412141374272062,
    "F0.5": 0.06866404028668889,
    "F1": 0.03313813705018674,
    "F2": 0.02183894434047152,
    "F10": 0.017958745936853825,
    "MCC": -0.0060192452702253745,
    "Jaccard-Index": 0.0168482279688354,
    "Jaccard-Distance": 0.9831517720311646,
    "Detected-Scenarios": [
        1,
        2,
        3,
        4,
        5,
        6,
        7
    ],
    "Detected-Scenarios-Percent": 1.0,
    "Scenario-Recall": {
        "1": 0,
        "2": 0,
        "3": 0,
        "4": 0,
        "5": 0,
        "6": 0,
        "7": 0
    },
    "Penalty-Score": 40.02872061729431,
    "Detection-Delay": 0.13201093673706055,
    "TPA": 11556,
    "FPA": 36911,
    "eTaR": 0.437164022157689,
    "eTaP": 0.23421503125623933,
    "eTaF0.1": 0.23529655655041756,
    "eTaF0.5": 0.2581871915094555,
    "eTaF1": 0.30501513144658454,
    "eTaF2": 0.37259310661938416,
    "eTaF10": 0.43344537364284225,
    "BATADAL-TTD": 0.999567642327358,
    "BATADAL-CLF": 0.4990581628992449,
    "BATADAL": 0.7493129026133014,
    "NAB-score-default": -28014.24498820643,
    "NAB-score-low-fp": -56128.48848152913,
    "NAB-score-low-fn": -18642.82999213762,
    "Affiliation-Precision": 0.5114402627286821,
    "Affiliation-Recall": 0.9993695688830629,
    "Affiliation-F0.1": 0.5139245900012955,
    "Affiliation-F0.5": 0.5667853949183776,
    "Affiliation-F1": 0.6766143880958712,
    "Affiliation-F2": 0.8392379485293536,
    "Affiliation-F10": 0.9900180164483734,
    "_evaluation-config": {
        "version": "v1.2.6",
        "compresslevel": 9,
        "input": "../attack_ipal/bin_uni_rewritten/GPT_attack_3.ipal.gz",
        "output": "attack_3_bin_uni.txt",
        "attacks": "../attack/attack_3.json",
        "timed_dataset": true,
        "alarm_gracetime": 0,
        "fscore_beta": [
            0.1,
            0.5,
            1,
            2,
            10
        ],
        "eTaPR_theta_p": 0.5,
        "eTaPR_theta_r": 0.01,
        "eTaPR_delta": 0.0,
        "batadal_gamma": 0.5,
        "nab_profiles": {
            "default": {
                "nab_atp": 1,
                "nab_afp": -0.11,
                "nab_afn": -1
            },
            "reward_low_fp": {
                "nab_atp": 1,
                "nab_afp": -0.22,
                "nab_afn": -1
            },
            "reward_low_fn": {
                "nab_atp": 1,
                "nab_afp": -0.11,
                "nab_afn": -2.0
            }
        },
        "log": 30,
        "logformat": "%(levelname)s:%(name)s: %(message)s",
        "logfile": "-"
    }
}
