{
    "tn": 2012200,
    "fp": 4290,
    "fn": 705509,
    "tp": 1299,
    "Accuracy": 0.7393605106749243,
    "Precision": 0.23242082662372518,
    "Inverse-Precision": 0.7404030380000214,
    "Recall": 0.0018378399791739765,
    "Inverse-Recall": 0.9978725409002772,
    "Fallout": 0.0021274590997227855,
    "Missrate": 0.998162160020826,
    "Informedness": -0.0002896191205488119,
    "Markedness": -0.027176135376253407,
    "F0.1": 0.10365660958135683,
    "F0.5": 0.008907461147286482,
    "F1": 0.003646842982213569,
    "F2": 0.0022927675274929124,
    "F10": 0.0018560716123156324,
    "MCC": -0.002805481853013117,
    "Jaccard-Index": 0.001826752430747942,
    "Jaccard-Distance": 0.9981732475692521,
    "Detected-Scenarios": [
        1,
        2,
        3,
        4,
        5,
        6,
        7
    ],
    "Detected-Scenarios-Percent": 1.0,
    "Scenario-Recall": {
        "1": 0,
        "2": 0,
        "3": 0,
        "4": 0,
        "5": 0,
        "6": 0,
        "7": 0
    },
    "Penalty-Score": 2.4306697845458984,
    "Detection-Delay": 1.550766944885254,
    "TPA": 1298,
    "FPA": 4283,
    "eTaR": 0.0,
    "eTaP": 0.0,
    "eTaF0.1": 0,
    "eTaF0.5": 0,
    "eTaF1": 0,
    "eTaF2": 0,
    "eTaF10": 0,
    "BATADAL-TTD": 0.9949081945022484,
    "BATADAL-CLF": 0.4998551904397256,
    "BATADAL": 0.7473816924709871,
    "NAB-score-default": -2958.6244876450496,
    "NAB-score-low-fp": -6017.231752841705,
    "NAB-score-low-fn": -1939.0829917633662,
    "Affiliation-Precision": 0.5113037987149812,
    "Affiliation-Recall": 0.9973223336945406,
    "Affiliation-F0.1": 0.513782792675101,
    "Affiliation-F0.5": 0.5665194371453013,
    "Affiliation-F1": 0.6760252746608066,
    "Affiliation-F2": 0.8380088872783483,
    "Affiliation-F10": 0.9880236859694481,
    "_evaluation-config": {
        "version": "v1.2.6",
        "compresslevel": 9,
        "input": "../attack_ipal/no_ts_rewritten/GPT_attack_3.ipal.gz",
        "output": "attack_3_no_ts.txt",
        "attacks": "../attack/attack_3.json",
        "timed_dataset": true,
        "alarm_gracetime": 0,
        "fscore_beta": [
            0.1,
            0.5,
            1,
            2,
            10
        ],
        "eTaPR_theta_p": 0.5,
        "eTaPR_theta_r": 0.01,
        "eTaPR_delta": 0.0,
        "batadal_gamma": 0.5,
        "nab_profiles": {
            "default": {
                "nab_atp": 1,
                "nab_afp": -0.11,
                "nab_afn": -1
            },
            "reward_low_fp": {
                "nab_atp": 1,
                "nab_afp": -0.22,
                "nab_afn": -1
            },
            "reward_low_fn": {
                "nab_atp": 1,
                "nab_afp": -0.11,
                "nab_afn": -2.0
            }
        },
        "log": 30,
        "logformat": "%(levelname)s:%(name)s: %(message)s",
        "logfile": "-"
    }
}
